10011 9967 9924 9918 9867 9804 9791 9854 9943 10155 10182 10106 9965 9933 9942 9971
9989 9945 9904 9896 9846 9777 9744 9772 9853 10003 10098 10061 9954 10150 10139 10153
9945 9907 9892 9884 9832 9741 9680 9690 9739 9758 9857 9908 9924 10286 10521 10499
9911 9865 9847 9820 9725 9618 9598 9612 9670 9741 9779 9857 9882 10243 10564 10552
9886 9835 9798 9760 9649 9477 9481 9522 9591 9709 9777 9824 9861 10224 10517 10528
9876 9812 9756 9691 9572 9393 9420 9470 9537 9608 9688 9752 9834 10229 10509 10488
9849 9782 9706 9626 9501 9309 9327 9373 9467 9534 9607 9680 9788 10190 10512 10464
9798 9719 9632 9525 9405 9235 9200 9223 9288 9458 9551 9642 9745 10135 10454 10454
9814 9718 9625 9515 9311 9159 9147 9178 9215 9379 9509 9609 9704 10096 10416 10436
9865 9765 9670 9557 9345 9074 9096 9149 9235 9372 9495 9594 9663 10057 10381 10422
9905 9794 9694 9572 9307 8996 9026 9126 9219 9328 9447 9551 9629 10051 10370 10406
10082 9834 9716 9589 9317 8926 8960 9064 9206 9289 9390 9507 9599 10016 10368 10391
10166 9917 9797 9643 9366 8969 9004 9085 9213 9282 9362 9519 9756 9941 10276 10314
10178 9983 9858 9707 9427 9024 9065 9122 9218 9275 9338 9480 9802 10029 10185 10237
10218 10033 9878 9738 9473 9100 9162 9188 9240 9249 9294 9419 9753 9968 10117 10169
10220 10079 9911 9785 9560 9204 9244 9250 9253 9227 9271 9381 9716 9909 10058 10113
10215 10087 9953 9843 9632 9334 9345 9329 9286 9191 9230 9362 9696 9871 9993 10066
10272 10167 10049 9963 9724 9423 9383 9337 9285 9203 9226 9374 9727 9886 9998 10072
10311 10246 10160 10069 9859 9504 9433 9356 9278 9209 9239 9388 9767 9927 10021 10092
10402 10359 10300 9903 9817 9563 9489 9431 9368 9343 9363 9513 9904 9966 10035 10080
10413 10364 10335 10016 9754 9660 9593 9535 9496 9490 9510 9630 10027 10097 10072 10093
10416 10316 10135 10113 9912 9836 9801 9747 9711 9727 9715 9808 10132 10210 10182 10146
10460 10339 10086 10056 10064 10004 10000 10004 9983 10028 9942 9976 10257 10300 10279 10222
10483 10378 10140 10114 10129 10157 10199 10234 10279 10385 10268 10195 10371 10395 10355 10302
10352 10351 10176 10179 10205 10256 10319 10336 10393 10499 10415 10305 10467 10463 10420 10370
10387 10194 10197 10223 10270 10335 10412 10442 10451 10557 10477 10392 10536 10524 10474 10430